image: map1234.pgm
resolution: 0.050000
origin: [-2.651553, -8.312759, 0.000000]
negate: 0
occupied_thresh: 0.65
free_thresh: 0.196

